1 100
YLUB NGQ HJG DNI CQC EAB RAF
2047 DJ1795 YLUB DNI RAF 421 102 381 397 56 393 466 41 413 305 133 374 142 88 48 141 459 111 2 383 105
2967 XK3288 YLUB DNI EAB 355 12 124 57 27 13 207 140 221 74 266 88 113 206 485 375 216 88 82 192 423
1148 AN2330 YLUB RAF EAB 83 455 130 302 29 178 270 389 217 480 430 163 28 227 406 123 314 72 249 499 306
702 II7506 YLUB NGQ DNI 116 302 392 305 253 29 453 194 41 235 436 282 323 118 456 38 320 296 281 300 206
2605 BX8256 YLUB NGQ CQC 425 427 442 272 301 472 425 486 485 84 83 387 60 349 89 466 10 491 498 83 265
2875 KQ3006 YLUB RAF NGQ 148 166 58 401 46 342 404 205 8 6 109 117 459 59 293 314 105 174 371 140 147
25 MF4666 YLUB DNI HJG 459 86 171 11 84 181 315 209 100 287 454 124 136 3 384 257 458 474 426 362 362
665 SN7543 YLUB EAB CQC 322 218 61 449 151 186 368 359 176 381 2 55 270 465 300 135 247 383 333 178 302
1818 OO3405 YLUB CQC HJG 419 412 257 54 199 225 396 479 398 427 341 139 35 262 1 283 311 165 122 128 425
109 MR1567 YLUB NGQ EAB 99 425 406 127 346 337 306 409 276 304 294 273 307 490 382 278 329 6 26 237 231
2846 TN5016 YLUB NGQ HJG 250 495 357 2 157 293 274 377 145 315 275 414 22 373 458 406 135 245 165 417 231
985 XI1827 YLUB HJG RAF 274 176 392 166 67 420 377 411 485 11 39 241 114 354 260 459 389 88 245 24 257
1317 XV2812 YLUB DNI RAF 496 154 400 338 86 459 64 269 47 446 267 102 183 281 295 294 298 362 16 296 359
2350 UE1536 YLUB CQC EAB 20 78 424 217 489 223 473 103 53 338 404 46 47 374 102 103 489 293 330 296 159
1198 EH5150 YLUB CQC RAF 314 403 302 121 365 228 389 220 118 364 377 446 125 473 215 46 408 226 3 364 444
1105 VR1960 YLUB HJG RAF 300 268 263 41 91 161 282 366 181 80 68 44 50 388 55 116 84 455 223 399 235
1195 MY5357 YLUB EAB CQC 484 232 147 449 143 149 14 49 145 143 409 336 463 450 449 454 88 36 56 308 302
1034 BH8278 YLUB HJG EAB 281 454 387 422 262 438 106 499 427 443 255 164 219 450 394 243 332 451 481 61 269
2803 NX7351 YLUB HJG RAF 245 75 451 118 99 73 388 116 166 31 396 237 4 48 287 353 323 269 203 431 488
1382 YM3208 YLUB EAB DNI 334 418 101 98 50 3 237 316 5 190 446 35 444 490 43 389 495 3 51 437 351
1935 FP8325 YLUB NGQ CQC 414 407 98 298 255 187 384 167 3 75 126 81 33 14 201 432 27 65 403 424 54
341 ET5899 YLUB CQC HJG 89 408 392 64 184 74 500 209 480 117 404 497 393 163 276 76 307 1 60 90 339
1699 PW6655 YLUB CQC EAB 204 66 59 313 331 191 121 262 496 459 73 369 293 289 184 461 447 419 343 214 441
2114 NQ5254 YLUB RAF CQC 115 192 176 167 391 216 446 422 191 45 254 316 488 160 390 249 46 178 393 344 244
617 OO2115 YLUB RAF EAB 377 138 107 204 50 361 131 10 57 199 14 428 205 472 144 247 472 94 264 387 454
1524 AO9778 YLUB RAF NGQ 122 174 478 445 430 226 361 176 277 180 98 90 350 494 13 241 375 344 200 482 205
1983 WR7203 YLUB RAF CQC 215 363 41 345 87 282 152 377 103 390 101 225 100 263 219 408 111 162 422 342 97
2741 GX8274 YLUB NGQ CQC 339 425 306 198 405 446 319 223 495 117 248 50 24 473 183 429 458 143 176 346 52
793 ZS7135 YLUB NGQ HJG 179 487 221 439 381 260 449 315 282 2 475 303 380 331 257 45 213 232 269 206 61
2557 BM4102 YLUB CQC DNI 329 146 296 310 487 368 385 231 133 69 473 461 307 234 212 109 364 111 264 160 16
2500 AY4054 YLUB HJG CQC 398 64 82 241 332 479 484 152 171 157 439 54 247 443 346 353 220 106 111 362 289
2063 BD2832 YLUB CQC NGQ 63 3 53 466 499 190 267 441 213 244 322 69 214 56 367 190 158 358 119 34 195
1715 JK8599 YLUB NGQ HJG 418 372 225 25 219 321 443 494 262 108 481 469 344 372 116 271 169 305 45 224 386
103 NX6143 YLUB DNI HJG 471 139 49 477 113 154 202 481 265 491 384 445 326 235 314 431 359 293 16 297 349
2716 EJ8415 YLUB EAB CQC 96 409 262 473 419 349 315 460 68 268 234 94 438 192 360 23 220 155 136 229 362
1146 UV8471 YLUB CQC DNI 291 165 440 477 204 236 416 309 25 10 359 10 440 48 451 125 141 361 214 245 219
134 NU2398 YLUB DNI NGQ 481 81 244 407 469 174 440 98 122 117 123 189 27 189 100 447 189 24 416 209 381
2387 CZ5786 YLUB RAF HJG 490 475 325 318 145 31 110 21 369 472 488 8 499 214 330 429 170 369 112 20 18
2078 KN2770 YLUB CQC RAF 450 216 355 67 250 80 149 97 466 373 304 399 49 175 447 62 229 347 228 284 39
2557 LX3387 YLUB CQC RAF 495 242 125 104 67 412 48 11 18 57 117 81 263 254 144 430 381 7 245 151 461
2930 SZ5072 YLUB HJG EAB 357 264 123 110 492 3 351 282 240 373 383 290 374 290 367 339 186 163 327 26 45
297 BB4610 YLUB CQC RAF 396 229 187 318 361 364 400 164 348 485 478 289 378 177 395 330 61 233 141 356 452
2273 KZ5299 YLUB RAF CQC 474 472 45 314 319 306 282 76 35 417 205 129 138 89 185 44 132 33 42 36 424
2387 CH4299 YLUB DNI EAB 130 414 357 137 17 211 181 162 303 480 402 38 466 105 172 477 131 42 388 211 465
1644 OC5169 YLUB HJG EAB 368 492 476 355 391 500 351 64 41 230 14 357 347 85 472 434 216 352 320 93 309
988 AC7652 YLUB NGQ CQC 334 442 37 320 441 477 437 53 266 76 236 456 311 141 175 136 132 72 441 264 11
951 SX1433 YLUB DNI EAB 322 462 372 421 79 212 130 360 44 363 369 155 147 100 353 403 349 228 331 337 423
478 FZ4333 YLUB DNI NGQ 422 474 12 166 115 90 24 361 208 413 426 311 81 351 197 387 448 456 286 3 400
2858 UL3861 YLUB CQC RAF 442 150 446 358 13 405 10 340 468 251 45 264 329 31 204 155 38 253 249 5 54
2070 OV4963 YLUB CQC DNI 332 486 412 378 309 134 454 218 497 280 259 99 72 18 95 177 444 177 488 305 12
861 WC7558 YLUB CQC HJG 190 140 258 366 441 342 145 143 255 103 346 248 101 173 237 74 89 83 12 393 218
2629 ON4882 YLUB DNI EAB 278 267 497 167 162 346 80 89 325 435 245 260 37 253 53 391 211 457 159 302 74
2064 ED7265 YLUB NGQ DNI 125 453 75 493 119 425 451 238 36 351 44 348 208 39 438 116 436 297 344 350 161
2835 CK1735 YLUB EAB RAF 5 108 50 481 18 226 54 433 70 359 137 271 376 226 192 405 311 258 58 220 218
1634 OS4076 YLUB HJG CQC 405 480 54 246 28 301 147 201 448 87 288 278 178 168 20 441 74 310 458 244 173
1541 QG9634 YLUB CQC HJG 220 93 128 165 250 40 71 166 84 152 374 393 56 382 441 237 79 90 235 75 282
2407 PI7263 YLUB RAF CQC 60 102 36 412 322 304 436 38 5 455 304 110 143 407 444 302 311 400 136 303 96
948 UI2346 YLUB EAB CQC 179 180 3 172 152 346 67 161 496 176 290 274 30 428 84 47 248 472 307 323 422
968 QU7846 YLUB NGQ DNI 357 238 499 441 468 113 119 64 302 225 16 319 388 51 480 365 128 172 398 151 451
2941 RQ6912 YLUB CQC RAF 366 337 310 104 199 430 158 390 176 286 157 37 72 89 454 380 16 457 199 183 422
1124 GO1794 YLUB CQC HJG 392 354 364 70 119 53 404 89 142 230 215 4 460 79 285 460 378 347 185 79 411
194 WB5944 YLUB NGQ HJG 138 477 204 367 408 266 222 35 290 468 444 33 335 479 405 338 394 107 70 473 240
782 DY7875 YLUB RAF CQC 160 85 474 57 140 417 278 323 484 434 99 205 398 427 214 463 380 65 66 320 111
445 MJ6849 YLUB EAB NGQ 288 49 281 314 53 1 304 127 87 226 330 212 38 323 368 411 162 177 284 32 387
448 IE1932 YLUB CQC EAB 429 79 74 220 445 429 79 171 423 353 194 249 53 430 356 271 359 471 18 418 251
2078 XY6480 YLUB HJG DNI 201 237 104 341 213 19 222 370 175 185 366 418 454 285 214 433 435 455 14 234 217
592 SE2685 YLUB RAF CQC 232 318 491 271 273 13 25 430 95 384 14 347 272 117 257 124 157 398 274 278 170
2307 XB1396 YLUB DNI EAB 290 326 450 293 27 290 118 428 443 477 358 120 336 237 389 481 92 230 409 267 3
649 TK5091 YLUB RAF EAB 77 310 432 279 312 133 427 366 39 405 398 393 277 266 275 277 246 348 488 177 265
1223 LS4646 YLUB CQC RAF 224 209 136 381 98 73 499 134 167 114 44 39 433 111 298 449 286 194 416 105 76
167 LY3278 YLUB HJG CQC 145 8 230 22 387 224 347 268 328 422 91 425 214 71 204 12 295 62 452 411 311
1989 GW4403 YLUB DNI EAB 498 168 119 429 178 397 214 351 123 159 198 456 415 43 105 494 215 193 73 202 39
2813 TA5514 YLUB RAF EAB 429 262 344 125 3 445 157 261 491 235 144 250 316 325 106 306 115 361 285 123 175
729 WF4943 YLUB EAB NGQ 423 210 169 64 114 383 176 344 383 250 29 381 248 125 30 212 189 153 440 105 302
2641 QC9123 YLUB NGQ EAB 410 486 475 325 87 418 128 189 460 306 464 412 154 10 2 323 47 452 125 278 15
2290 TO9028 YLUB NGQ HJG 261 246 96 491 342 36 48 225 183 192 138 102 236 443 236 226 129 321 120 491 258
952 BM2930 YLUB NGQ EAB 350 61 387 57 261 221 56 184 124 79 292 209 353 363 375 125 393 344 477 183 264
2596 HP1193 YLUB CQC HJG 290 346 115 261 39 303 12 199 339 136 485 265 395 492 316 440 7 185 77 339 249
267 CZ4133 YLUB EAB DNI 45 119 269 228 97 214 433 342 302 173 152 91 17 194 322 458 289 492 290 228 315
524 AD1037 YLUB RAF DNI 9 122 116 462 171 353 431 140 161 161 479 80 407 329 132 481 216 193 452 388 196
419 GQ7681 YLUB EAB NGQ 378 403 491 144 255 454 389 476 170 260 329 104 263 2 14 168 445 165 178 465 176
1517 NE8796 YLUB HJG RAF 144 330 499 59 10 481 47 158 192 463 261 339 386 153 68 439 270 432 413 98 436
348 BV9991 YLUB NGQ EAB 337 56 226 175 300 410 267 467 244 68 479 248 210 41 427 181 293 422 265 445 84
2668 AE7061 YLUB RAF HJG 425 237 311 73 170 433 235 454 188 146 314 331 433 19 47 56 426 79 479 165 98
2128 HZ1105 YLUB EAB DNI 408 342 149 117 430 82 440 320 471 15 166 96 314 290 170 83 428 310 22 214 5
267 FF8164 YLUB HJG RAF 348 152 142 18 39 129 101 118 272 304 61 114 324 23 368 347 254 26 497 486 80
2528 OT9231 YLUB DNI CQC 243 128 490 126 138 5 356 296 187 126 21 395 49 181 299 216 394 17 32 392 161
2504 RQ5711 YLUB DNI HJG 368 294 431 119 159 410 358 246 19 72 3 391 227 248 236 256 153 193 365 349 12
2874 HE5482 YLUB HJG CQC 410 213 131 183 308 23 76 262 305 298 83 458 341 104 332 283 217 58 160 393 9
2687 PM9062 YLUB EAB DNI 336 271 264 122 330 254 106 479 391 279 457 102 283 475 443 280 275 224 497 473 261
1145 GD5612 YLUB DNI HJG 157 88 317 172 25 464 193 351 218 363 431 431 287 251 161 232 98 368 375 281 112
451 YP9380 YLUB HJG EAB 184 177 368 153 415 155 183 500 198 285 160 427 60 256 399 387 274 476 472 143 319
531 LY4250 YLUB DNI RAF 412 329 322 107 317 348 245 414 353 281 56 414 67 115 416 291 453 283 418 27 433
1924 LM8285 YLUB RAF EAB 425 93 40 57 4 333 427 348 320 64 181 495 86 468 99 465 415 330 29 80 314
2424 KT7914 YLUB DNI CQC 428 43 47 324 488 426 326 389 423 472 343 427 72 40 212 185 177 56 109 435 343
2764 RX2573 YLUB RAF HJG 252 285 234 234 238 67 292 24 329 372 275 438 468 356 486 212 479 177 193 154 407
1618 FV1943 YLUB NGQ EAB 272 120 372 489 230 124 99 472 477 485 140 466 402 468 202 433 31 494 312 326 472
745 NO2620 YLUB RAF EAB 278 104 5 437 286 298 308 462 220 364 357 429 235 254 497 397 264 484 95 310 217
356 UZ4234 YLUB HJG CQC 102 142 85 376 375 329 92 233 493 209 249 439 312 176 324 299 409 408 427 108 48
1033 UE6369 YLUB DNI HJG 311 356 154 300 34 88 492 425 474 333 230 387 44 95 17 491 199 209 107 408 131
