1 10
MCEV YVW BMM UFM
139 OB8972 MCEV BMM UFM 72 461 383 207 76 284 308 223 235 350 141 317 196 210 146 54 166 63 446 356 420
281 WT5592 MCEV UFM BMM 460 284 251 190 339 481 342 390 107 45 431 279 247 98 490 99 332 5 226 414 249
113 ZA3429 MCEV UFM YVW 202 189 456 84 351 169 450 297 422 376 484 147 48 478 129 485 69 57 23 195 27
261 WD3969 MCEV BMM YVW 165 157 98 399 213 57 436 449 6 416 316 156 311 283 324 92 101 92 340 407 386
174 GF7740 MCEV UFM BMM 373 195 192 336 393 270 439 198 351 324 206 126 133 156 142 27 25 216 452 403 358
189 JO1364 MCEV YVW UFM 345 442 146 159 171 465 283 210 432 430 108 208 397 329 442 96 396 394 238 176 286
200 ED6306 MCEV UFM BMM 394 131 355 336 310 331 382 355 397 381 239 30 258 121 359 159 38 401 391 142 36
75 VF1021 MCEV BMM YVW 46 7 435 420 260 27 384 317 450 12 110 259 475 390 225 137 301 225 172 201 385
300 CY1203 MCEV UFM BMM 442 285 76 27 102 99 185 454 74 50 118 145 167 60 18 61 367 422 460 138 146
10 WW7478 MCEV YVW UFM 217 296 492 50 155 149 175 442 108 79 6 432 54 36 316 149 79 434 436 192 492
